0.000000000000000000e+00
1.000000000000000000e+00
4.000000000000000000e+00
2.400000000000000000e+01
2.400000000000000000e+01
3.500000000000000000e+01
5.200000000000000000e+01
6.600000000000000000e+01
1.010000000000000000e+02
1.090000000000000000e+02
1.120000000000000000e+02
1.260000000000000000e+02
1.270000000000000000e+02
1.290000000000000000e+02
1.460000000000000000e+02
1.630000000000000000e+02
1.720000000000000000e+02
2.070000000000000000e+02
2.190000000000000000e+02
2.330000000000000000e+02
2.540000000000000000e+02
2.600000000000000000e+02
2.930000000000000000e+02
2.920000000000000000e+02
2.940000000000000000e+02
2.960000000000000000e+02
2.970000000000000000e+02
3.040000000000000000e+02
3.110000000000000000e+02
3.360000000000000000e+02
3.370000000000000000e+02
3.400000000000000000e+02
3.550000000000000000e+02
3.620000000000000000e+02
3.690000000000000000e+02
3.760000000000000000e+02
3.960000000000000000e+02
4.230000000000000000e+02
4.430000000000000000e+02
4.820000000000000000e+02
5.790000000000000000e+02
7.500000000000000000e+02
9.770000000000000000e+02
